65
31
22
56
11
29
74
23
45
45
16
2
63
51
51
70
13
41
26
59
72
93
6
30
87
85
36
80
27
68
2
28
73
95
6
30
5
1
38
7
40
1
92
53
74
99
66
39
9
14
86
57
91
89
36
12
43
31
21
37
83
98
7
77
50
5
67
65
42
90
75
83
57
60
54
29
16
36
31
61
61
43
50
14
2
52
17
39
3
40
57
78
44
64
21
21
21
14
70
49
52
57
2
10
97
91
98
12
89
76
86
47
76
73
24
15
48
55
74
24
80
91
65
8
23
79
63
35
34
75
80
42
88
41
53
6
47
2
8
52
81
95
28
54
3
88
48
26
55
57
57
86
45
95
77
25
6
38
86
80
72
58
16
45
14
10
70
40
48
5
27
99
57
52
28
90
61
57
20
41
17
95
25
18
62
46
21
58
14
14
24
96
7
92
60
68
38
9
13
71
84
72
76
56
59
7
34
39
79
14
94
58
12
36
67
8
77
42
77
28
19
2
27
74
0
97
58
41
76
9
20
25
78
83
19
88
76
88
87
28
92
11
27
91
95
0
57
92
91
12
60
38
26
82
46
63
79
92
64
55
65
79
85
67
66
81
32
21
49
44
70
34
21
6
39
83
62
56
54
25
75
8
48
4
89
7
38
51
47
79
26
46
11
86
11
84
33
52
27
1
16
87
99
20
65
6
70
35
4
63
6
12
99
78
71
26
66
0
85
45
40
65
70
27
71
18
19
57
71
22
59
74
74
48
18
15
33
10
11
77
75
58
86
8
7
38
37
24
63
45
49
70
63
65
74
40
85
56
52
74
91
25
57
2
56
55
96
31
76
12
68
42
86
88
9
98
4
60
88
27
90
35
50
2
8
61
40
83
42
51
78
98
26
43
85
28
32
9
32
60
75
86
99
51
89
9
39
30
37
44
94
81
73
2
2
40
74
35
5
86
76
44
41
99
27
61
19
20
88
21
58
65
62
46
56
35
76
74
76
75
55
34
0
8
34
5
99
17
50
96
52
63
73
10
53
78
47
43
3
59
3
23
51
54
8
34
77
30
11
6
73
2
86
1
34
79
11
72
4
56
55
44
8
69
43
89
43
18
21
37
88
51
32
20
85
93
97
27
84
56
26
10
53
71
61
23
76
26
62
19
30
27
10
24
44
89
48
34
42
13
34
79
31
18
21
64
66
56
58
33
2
9
73
97
96
1
4
82
1
57
41
43
12
11
78
18
9
21
14
52
71
79
41
89
84
51
72
89
30
8
27
96
63
50
60
67
67
93
12
55
27
81
22
92
58
51
16
74
71
39
83
52
32
54
23
75
98
90
59
1
75
32
87
44
83
1
59
73
20
83
57
30
68
20
0
89
72
69
95
22
85
21
97
5
27
12
27
56
59
27
85
80
91
85
78
44
86
44
6
78
10
6
26
63
64
20
63
14
18
6
72
41
21
29
90
47
4
69
18
10
93
22
78
41
25
47
78
62
39
66
93
63
54
35
80
6
21
32
74
68
33
50
23
38
81
70
40
47
61
75
3
39
49
51
49
20
26
5
60
9
95
11
40
7
62
82
54
27
97
28
11
46
24
16
91
51
50
8
41
17
92
20
15
57
63
63
80
86
25
20
30
4
38
43
84
38
25
62
81
2
30
60
1
0
8
25
48
54
55
4
0
83
88
84
74
34
86
25
66
58
22
44
20
28
35
87
95
45
7
48
48
51
45
88
28
11
43
84
63
81
66
60
61
67
65
64
3
83
96
65
91
89
81
48
26
38
48
1
82
48
4
16
28
50
65
61
96
42
51
18
32
14
77
86
95
5
24
80
26
0
27
67
75
50
23
69
54
64
99
87
65
9
13
21
44
70
81
9
97
58
80
43
14
38
49
76
56
40
60
64
73
25
88
47
82
37
79
23
99
35
41
96
17
34
1
48
69
64
88
90
35
30
8
42
49
45
86
56
95
0
25
27
97
78
38
53
56
75
33
57
39
75
42
8
48
15
93
72
98
65
3
7
14
90
33
1
55
67
8
37
40
46
80
10
32
63
51
74
25
91
89
92
14
28
17
91
63
3
15
83
48
35
98
16
22
87
66
21
13
68
18
96
43
9
48
13
94
88
49
80
77
98
20
59
73
66
15
78
35
2
49
39
51
83
4
61
47
93
47
9
49
48
65
7
92
49
13
7
2
12
65
41
4
87
33
52
79
96
32
43
62
17
50
80
57
81
35
51
73
90
73
39
87
6
97
52
27
3
15
69
